{
  "accessors": [
    {
      "bufferView": 2,
      "componentType": 5126,
      "count": 2790,
      "max": [
        0.36690378189086914,
        0.36690378189086914,
        1.1851646900177002
      ],
      "min": [
        -0.36690378189086914,
        -0.36690378189086914,
        0.0
      ],
      "type": "VEC3"
    },
    {
      "bufferView": 2,
      "byteOffset": 33480,
      "componentType": 5126,
      "count": 2790,
      "max": [
        1.0,
        1.0,
        1.0
      ],
      "min": [
        -1.0,
        -1.0,
        -1.0
      ],
      "type": "VEC3"
    },
    {
      "bufferView": 3,
      "componentType": 5126,
      "count": 2790,
      "max": [
        1.0,
        1.0,
        1.0,
        1.0
      ],
      "min": [
        -1.0,
        -1.0,
        -1.0,
        1.0
      ],
      "type": "VEC4"
    },
    {
      "bufferView": 1,
      "componentType": 5126,
      "count": 2790,
      "max": [
        0.9996014833450317,
        0.9653772711753845
      ],
      "min": [
        0.0003985155199188739,
        0.0003985155199188739
      ],
      "type": "VEC2"
    },
    {
      "bufferView": 1,
      "byteOffset": 22320,
      "componentType": 5126,
      "count": 2790,
      "max": [
        0.9996014833450317,
        0.9653772711753845
      ],
      "min": [
        0.0003985155199188739,
        0.0003985155199188739
      ],
      "type": "VEC2"
    },
    {
      "bufferView": 0,
      "componentType": 5125,
      "count": 12684,
      "type": "SCALAR"
    }
  ],
  "asset": {
    "extras": {
      "author": "Laurie Annis (https://sketchfab.com/laurieannis)",
      "license": "CC-BY-4.0 (http://creativecommons.org/licenses/by/4.0/)",
      "source": "https://sketchfab.com/3d-models/blender-3d-for-jobseekers-pedestal-example-4812321b0c2a43ab8df117fb383a5319",
      "title": "Blender 3D for Jobseekers - Pedestal Example"
    },
    "generator": "Sketchfab-15.50.0",
    "version": "2.0"
  },
  "bufferViews": [
    {
      "buffer": 0,
      "byteLength": 50736,
      "name": "floatBufferViews",
      "target": 34963
    },
    {
      "buffer": 0,
      "byteLength": 44640,
      "byteOffset": 50736,
      "byteStride": 8,
      "name": "floatBufferViews",
      "target": 34962
    },
    {
      "buffer": 0,
      "byteLength": 66960,
      "byteOffset": 95376,
      "byteStride": 12,
      "name": "floatBufferViews",
      "target": 34962
    },
    {
      "buffer": 0,
      "byteLength": 44640,
      "byteOffset": 162336,
      "byteStride": 16,
      "name": "floatBufferViews",
      "target": 34962
    }
  ],
  "buffers": [
    {
      "byteLength": 206976,
      "uri": "scene.bin"
    }
  ],
  "images": [
    {
      "uri": "textures/Pedestal_baseColor.png"
    },
    {
      "uri": "textures/Pedestal_metallicRoughness.png"
    },
    {
      "uri": "textures/Pedestal_normal.png"
    }
  ],
  "materials": [
    {
      "doubleSided": true,
      "name": "Pedestal",
      "normalTexture": {
        "index": 2
      },
      "pbrMetallicRoughness": {
        "baseColorTexture": {
          "index": 0
        },
        "metallicFactor": 0.0,
        "metallicRoughnessTexture": {
          "index": 1
        }
      }
    }
  ],
  "meshes": [
    {
      "name": "Pedestal_Pedestal_0",
      "primitives": [
        {
          "attributes": {
            "NORMAL": 1,
            "POSITION": 0,
            "TANGENT": 2,
            "TEXCOORD_0": 3,
            "TEXCOORD_1": 4
          },
          "indices": 5,
          "material": 0,
          "mode": 4
        }
      ]
    }
  ],
  "nodes": [
    {
      "children": [
        1
      ],
      "matrix": [
        1.0,
        0.0,
        0.0,
        0.0,
        0.0,
        2.220446049250313e-16,
        -1.0,
        0.0,
        0.0,
        1.0,
        2.220446049250313e-16,
        0.0,
        0.0,
        0.0,
        0.0,
        1.0
      ],
      "name": "Sketchfab_model"
    },
    {
      "children": [
        2
      ],
      "matrix": [
        1.0,
        0.0,
        0.0,
        0.0,
        0.0,
        0.0,
        1.0,
        0.0,
        0.0,
        -1.0,
        0.0,
        0.0,
        0.0,
        0.0,
        0.0,
        1.0
      ],
      "name": "629f3f1082ac41d7b19aaf6cc41ca0cb.fbx"
    },
    {
      "children": [
        3,
        6,
        8,
        11
      ],
      "name": "RootNode"
    },
    {
      "children": [
        4
      ],
      "matrix": [
        -0.29086468024185264,
        -0.7966620484948028,
        -0.5298370676687967,
        0.0,
        0.5663930580575496,
        0.3029423427577352,
        -0.7664363780114993,
        0.0,
        0.7711009034682474,
        -0.523025340219953,
        0.363108647870379,
        0.0,
        4.076245307922363,
        2.743870973587036,
        -5.32331657409668,
        1.0
      ],
      "name": "Sun"
    },
    {
      "children": [
        5
      ],
      "matrix": [
        1.0,
        0.0,
        0.0,
        0.0,
        0.0,
        2.220446049250313e-16,
        1.0,
        0.0,
        0.0,
        -1.0,
        2.220446049250313e-16,
        0.0,
        0.0,
        0.0,
        0.0,
        1.0
      ],
      "name": "Object_4"
    },
    {
      "name": "Object_5"
    },
    {
      "children": [
        7
      ],
      "matrix": [
        1.0,
        0.0,
        0.0,
        0.0,
        0.0,
        -1.6292067939183141e-07,
        -0.9999999999999868,
        0.0,
        0.0,
        0.9999999999999868,
        -1.6292067939183141e-07,
        0.0,
        0.0,
        0.0,
        0.0,
        1.0
      ],
      "name": "Pedestal"
    },
    {
      "mesh": 0,
      "name": "Pedestal_Pedestal_0"
    },
    {
      "children": [
        9
      ],
      "matrix": [
        0.7071068429951348,
        0.16148063501029866,
        -0.6884213223790534,
        0.0,
        -0.559361353924476,
        -0.4678373922439345,
        -0.6842828729072303,
        0.0,
        -0.43256764328762587,
        0.8689373331407939,
        -0.24048498049871764,
        0.0,
        -1.3744285106658936,
        0.24539637565612793,
        -1.6668108701705933,
        1.0
      ],
      "name": "Spot"
    },
    {
      "children": [
        10
      ],
      "matrix": [
        1.0,
        0.0,
        0.0,
        0.0,
        0.0,
        2.220446049250313e-16,
        1.0,
        0.0,
        0.0,
        -1.0,
        2.220446049250313e-16,
        0.0,
        0.0,
        0.0,
        0.0,
        1.0
      ],
      "name": "Object_9"
    },
    {
      "name": "Object_10"
    },
    {
      "children": [
        12
      ],
      "matrix": [
        0.7660444944865687,
        -3.9491400705138346e-08,
        -0.6427875484690224,
        0.0,
        0.6384952190385553,
        -0.11537225581806365,
        0.7609291017252257,
        0.0,
        -0.07415987510851672,
        -0.9933222664195793,
        -0.08838025090297932,
        0.0,
        4.586428165435791,
        0.4214118719100952,
        6.613921165466309,
        1.0
      ],
      "name": "Area"
    },
    {
      "children": [
        13
      ],
      "matrix": [
        1.0,
        0.0,
        0.0,
        0.0,
        0.0,
        2.220446049250313e-16,
        1.0,
        0.0,
        0.0,
        -1.0,
        2.220446049250313e-16,
        0.0,
        0.0,
        0.0,
        0.0,
        1.0
      ],
      "name": "Object_12"
    },
    {
      "name": "Object_13"
    }
  ],
  "samplers": [
    {
      "magFilter": 9729,
      "minFilter": 9987,
      "wrapS": 10497,
      "wrapT": 10497
    }
  ],
  "scene": 0,
  "scenes": [
    {
      "name": "Sketchfab_Scene",
      "nodes": [
        0
      ]
    }
  ],
  "textures": [
    {
      "sampler": 0,
      "source": 0
    },
    {
      "sampler": 0,
      "source": 1
    },
    {
      "sampler": 0,
      "source": 2
    }
  ]
}
